0 4 402 
1 155 325 
2 9 363 
3 40 63 
4 0 92 
5 113 196 
6 65 165 
7 6 428 
8 134 203 
9 114 337 
10 277 408 
11 168 399 
12 283 375 
13 67 404 
14 136 143 
15 61 444 
16 62 422 
17 68 371 
18 35 191 
19 197 302 
20 177 271 
21 62 445 
22 264 435 
23 47 275 
24 47 156 
25 122 159 
26 292 305 
27 145 438 
28 335 351 
29 235 245 
30 45 190 
31 128 377 
32 134 264 
33 47 120 
34 183 418 
35 80 191 
36 119 168 
37 160 338 
38 409 411 
39 44 122 
40 124 343 
41 112 325 
42 346 415 
43 53 72 
44 122 159 
45 31 377 
46 34 342 
47 33 156 
48 186 287 
49 57 283 
50 23 142 
51 62 215 
52 228 364 
53 43 101 
54 272 287 
55 32 70 
56 310 428 
57 175 283 
58 36 325 
59 130 176 
60 149 429 
61 15 247 
62 51 378 
63 232 422 
64 208 229 
65 148 156 
66 273 304 
67 164 435 
68 35 84 
69 206 442 
70 55 262 
71 20 133 
72 288 345 
73 200 206 
74 136 208 
75 146 415 
76 218 257 
77 11 36 
78 277 437 
79 35 191 
80 35 191 
81 125 440 
82 186 390 
83 100 185 
84 68 414 
85 88 395 
86 119 416 
87 318 415 
88 85 395 
89 207 370 
90 98 447 
91 214 230 
92 128 377 
93 274 375 
94 166 221 
95 20 271 
96 147 173 
97 147 373 
98 90 159 
99 220 247 
100 46 118 
101 43 53 
102 211 394 
103 74 136 
104 55 435 
105 0 18 
106 56 350 
107 32 155 
108 300 369 
109 382 435 
110 71 122 
111 72 315 
112 263 342 
113 196 305 
114 264 440 
115 120 215 
116 82 186 
117 206 442 
118 93 152 
119 112 342 
120 33 70 
121 265 377 
122 159 447 
123 17 44 
124 40 265 
125 203 446 
126 115 373 
127 119 438 
128 31 92 
129 142 328 
130 134 445 
131 273 431 
132 65 176 
133 222 332 
134 148 264 
135 59 176 
136 74 143 
137 77 168 
138 378 422 
139 317 325 
140 143 236 
141 211 316 
142 206 438 
143 14 136 
144 61 261 
145 27 144 
146 75 415 
147 173 194 
148 134 325 
149 168 266 
150 112 266 
151 181 444 
152 283 364 
153 35 128 
154 286 345 
155 1 107 
156 47 65 
157 9 394 
158 14 70 
159 121 122 
160 37 337 
161 142 215 
162 136 400 
163 15 438 
164 67 435 
165 6 62 
166 206 261 
167 374 444 
168 11 342 
169 34 183 
170 175 289 
171 206 254 
172 144 358 
173 147 194 
174 219 243 
175 289 375 
176 135 205 
177 112 258 
178 330 383 
179 202 241 
180 437 439 
181 422 446 
182 66 242 
183 34 169 
184 45 377 
185 100 214 
186 82 287 
187 368 408 
188 358 438 
189 89 370 
190 30 45 
191 35 80 
192 120 328 
193 156 357 
194 147 173 
195 62 224 
196 305 384 
197 144 438 
198 72 183 
199 14 136 
200 274 375 
201 282 349 
202 179 241 
203 8 62 
204 257 361 
205 132 176 
206 69 142 
207 89 370 
208 74 136 
209 164 244 
210 211 384 
211 195 240 
212 145 171 
213 331 332 
214 46 317 
215 51 161 
216 131 273 
217 174 243 
218 76 257 
219 174 243 
220 65 148 
221 261 438 
222 279 331 
223 406 435 
224 62 195 
225 294 361 
226 40 79 
227 282 314 
228 364 411 
229 67 140 
230 325 435 
231 239 251 
232 62 338 
233 136 143 
234 229 404 
235 245 375 
236 140 143 
237 78 277 
238 70 120 
239 396 436 
240 112 287 
241 179 349 
242 36 194 
243 174 219 
244 392 435 
245 235 375 
246 259 294 
247 15 61 
248 121 267 
249 93 282 
250 206 442 
251 100 214 
252 253 433 
253 285 356 
254 171 206 
255 317 431 
256 241 339 
257 218 361 
258 112 263 
259 128 372 
260 47 275 
261 144 166 
262 70 238 
263 112 240 
264 134 148 
265 121 124 
266 150 263 
267 4 290 
268 206 324 
269 32 325 
270 119 272 
271 20 95 
272 54 270 
273 131 148 
274 93 314 
275 23 47 
276 38 307 
277 186 437 
278 47 435 
279 270 431 
280 73 242 
281 221 438 
282 201 349 
283 57 175 
284 142 353 
285 44 253 
286 392 435 
287 112 240 
288 34 72 
289 175 301 
290 159 423 
291 75 81 
292 26 42 
293 221 281 
294 357 372 
295 43 239 
296 235 256 
297 60 293 
298 56 310 
299 281 374 
300 108 308 
301 23 362 
302 122 159 
303 285 433 
304 66 273 
305 26 196 
306 225 381 
307 201 409 
308 56 310 
309 112 287 
310 56 308 
311 58 421 
312 319 408 
313 248 267 
314 274 282 
315 34 415 
316 141 211 
317 22 264 
318 270 415 
319 36 77 
320 124 265 
321 9 309 
322 44 371 
323 202 280 
324 221 268 
325 148 435 
326 159 343 
327 245 375 
328 120 238 
329 193 368 
330 178 383 
331 72 222 
332 133 196 
333 136 382 
334 346 446 
335 245 372 
336 62 224 
337 9 340 
338 232 440 
339 34 288 
340 9 337 
341 265 266 
342 112 325 
343 40 326 
344 160 338 
345 154 286 
346 431 440 
347 282 349 
348 265 445 
349 175 282 
350 284 353 
351 294 371 
352 339 418 
353 284 350 
354 366 376 
355 263 287 
356 253 398 
357 109 193 
358 172 188 
359 183 387 
360 180 233 
361 204 225 
362 275 301 
363 9 272 
364 152 283 
365 173 383 
366 69 254 
367 410 415 
368 187 329 
369 34 114 
370 89 189 
371 17 128 
372 79 294 
373 97 147 
374 167 334 
375 175 200 
376 171 254 
377 92 121 
378 62 119 
379 149 429 
380 341 372 
381 306 348 
382 333 435 
383 97 330 
384 160 196 
385 35 191 
386 21 195 
387 34 72 
388 189 370 
389 241 289 
390 82 148 
391 338 440 
392 244 435 
393 71 271 
394 157 399 
395 88 207 
396 317 436 
397 9 266 
398 253 356 
399 11 342 
400 317 425 
401 113 416 
402 128 400 
403 313 376 
404 67 406 
405 132 176 
406 70 120 
407 276 425 
408 157 273 
409 349 411 
410 185 251 
411 228 364 
412 136 406 
413 270 272 
414 176 191 
415 315 318 
416 62 431 
417 285 319 
418 34 390 
419 172 426 
420 7 219 
421 170 175 
422 62 63 
423 121 377 
424 25 358 
425 317 400 
426 134 435 
427 313 376 
428 7 56 
429 9 337 
430 137 149 
431 112 119 
432 167 221 
433 285 447 
434 142 161 
435 22 392 
436 239 396 
437 180 277 
438 142 221 
439 180 287 
440 114 338 
441 203 431 
442 69 206 
443 224 378 
444 15 61 
445 6 130 
446 15 181 
447 122 159 
448 234 338 
449 366 376 
450 400 425 
451 104 119 
